View matrix:
1 0 0 0 
0 -1 0 0 
0 0 1 -1 
0 0 0 1 
View matrix:
1 0 0 0 
0 -1 0 0 
0 0 1 -1 
0 0 0 1 
View matrix:
1 0 0 0 
0 -1 0 0 
0 0 1 -1 
0 0 0 1 
View matrix:
1 0 0 0 
0 -1 0 0 
0 0 1 -1 
0 0 0 1 
View matrix:
1 0 0 0 
0 -1 0 0 
0 0 1 -1 
0 0 0 1 
View matrix:
1 0 0 0 
0 -1 0 0 
0 0 1 -1 
0 0 0 1 
View matrix:
1 0 0 0 
0 -1 0 0 
0 0 1 -1 
0 0 0 1 
View matrix:
1 0 0 0 
0 -1 0 0 
0 0 1 -1 
0 0 0 1 
View matrix:
1 0 0 0 
0 -1 0 0 
0 0 1 -1 
0 0 0 1 
View matrix:
1 0 0 0 
0 -1 0 0 
0 0 1 -1 
0 0 0 1 
View matrix:
1 0 0 0 
0 -1 0 0 
0 0 1 -1 
0 0 0 1 
View matrix:
1 0 0 0 
0 -1 0 0 
0 0 1 -1 
0 0 0 1 
View matrix:
1 0 0 0 
0 -1 0 0 
0 0 1 -1 
0 0 0 1 
View matrix:
1 0 0 0 
0 -1 0 0 
0 0 1 -1 
0 0 0 1 
View matrix:
1 0 0 0 
0 -1 0 0 
0 0 1 -1 
0 0 0 1 
View matrix:
1 0 0 0 
0 -1 0 0 
0 0 1 -1 
0 0 0 1 
View matrix:
1 0 0 0 
0 -1 0 0 
0 0 1 -1 
0 0 0 1 
View matrix:
1 0 0 0 
0 -1 0 0 
0 0 1 -1 
0 0 0 1 
View matrix:
1 0 0 0 
0 -1 0 0 
0 0 1 -1 
0 0 0 1 
View matrix:
1 0 0 0 
0 -1 0 0 
0 0 1 -1 
0 0 0 1 
View matrix:
1 0 0 0 
0 -1 0 0 
0 0 1 -1 
0 0 0 1 
View matrix:
1 0 0 0 
0 -1 0 0 
0 0 1 -1 
0 0 0 1 
View matrix:
1 0 0 0 
0 -1 0 0 
0 0 1 -1 
0 0 0 1 
View matrix:
1 0 0 0 
0 -1 0 0 
0 0 1 -1 
0 0 0 1 
View matrix:
1 0 0 0 
0 -1 0 0 
0 0 1 -1 
0 0 0 1 
View matrix:
1 0 0 0 
0 -1 0 0 
0 0 1 -1 
0 0 0 1 
View matrix:
1 0 0 0 
0 -1 0 0 
0 0 1 -1 
0 0 0 1 
View matrix:
1 0 0 0 
0 -1 0 0 
0 0 1 -1 
0 0 0 1 
View matrix:
1 0 0 0 
0 -1 0 0 
0 0 1 -1 
0 0 0 1 
View matrix:
1 0 0 0 
0 -1 0 0 
0 0 1 -1 
0 0 0 1 
View matrix:
1 0 0 0 
0 -1 0 0 
0 0 1 -1 
0 0 0 1 
View matrix:
1 0 0 0 
0 -1 0 0 
0 0 1 -1 
0 0 0 1 
View matrix:
1 0 0 0 
0 -1 0 0 
0 0 1 -1 
0 0 0 1 
View matrix:
1 0 0 0 
0 -1 0 0 
0 0 1 -1 
0 0 0 1 
View matrix:
1 0 0 0 
0 -1 0 0 
0 0 1 -1 
0 0 0 1 
View matrix:
1 0 0 0 
0 -1 0 0 
0 0 1 -1 
0 0 0 1 
View matrix:
1 0 0 0 
0 -1 0 0 
0 0 1 -1 
0 0 0 1 
View matrix:
1 0 0 0 
0 -1 0 0 
0 0 1 -1 
0 0 0 1 
View matrix:
1 0 0 0 
0 -1 0 0 
0 0 1 -1 
0 0 0 1 
View matrix:
1 0 0 0 
0 -1 0 0 
0 0 1 -1 
0 0 0 1 
View matrix:
1 0 0 0 
0 -1 0 0 
0 0 1 -1 
0 0 0 1 
View matrix:
1 0 0 0 
0 -1 0 0 
0 0 1 -1 
0 0 0 1 
View matrix:
1 0 0 0 
0 -1 0 0 
0 0 1 -1 
0 0 0 1 
View matrix:
1 0 0 0 
0 -1 0 0 
0 0 1 -1 
0 0 0 1 
View matrix:
1 0 0 0 
0 -1 0 0 
0 0 1 -1 
0 0 0 1 
View matrix:
1 0 0 0 
0 -1 0 0 
0 0 1 -1 
0 0 0 1 
View matrix:
1 0 0 0 
0 -1 0 0 
0 0 1 -1 
0 0 0 1 
View matrix:
1 0 0 0 
0 -1 0 0 
0 0 1 -1 
0 0 0 1 
View matrix:
1 0 0 0 
0 -1 0 0 
0 0 1 -1 
0 0 0 1 
View matrix:
1 0 0 0 
0 -1 0 0 
0 0 1 -1 
0 0 0 1 
View matrix:
1 0 0 0 
0 -1 0 0 
0 0 1 -1 
0 0 0 1 
View matrix:
1 0 0 0 
0 -1 0 0 
0 0 1 -1 
0 0 0 1 
View matrix:
1 0 0 0 
0 -1 0 0 
0 0 1 -1 
0 0 0 1 
View matrix:
1 0 0 0 
0 -1 0 0 
0 0 1 -1 
0 0 0 1 
View matrix:
1 0 0 0 
0 -1 0 0 
0 0 1 -1 
0 0 0 1 
View matrix:
1 0 0 0 
0 -1 0 0 
0 0 1 -1 
0 0 0 1 
View matrix:
1 0 0 0 
0 -1 0 0 
0 0 1 -1 
0 0 0 1 
View matrix:
1 0 0 0 
0 -1 0 0 
0 0 1 -1 
0 0 0 1 
View matrix:
1 0 0 0 
0 -1 0 0 
0 0 1 -1 
0 0 0 1 
View matrix:
1 0 0 0 
0 -1 0 0 
0 0 1 -1 
0 0 0 1 
View matrix:
1 0 0 0 
0 -1 0 0 
0 0 1 -1 
0 0 0 1 
View matrix:
1 0 0 0 
0 -1 0 0 
0 0 1 -1 
0 0 0 1 
View matrix:
1 0 0 0 
0 -1 0 0 
0 0 1 -1 
0 0 0 1 
View matrix:
1 0 0 0 
0 -1 0 0 
0 0 1 -1 
0 0 0 1 
View matrix:
1 0 0 0 
0 -1 0 0 
0 0 1 -1 
0 0 0 1 
View matrix:
1 0 0 0 
0 -1 0 0 
0 0 1 -1 
0 0 0 1 
View matrix:
1 0 0 0 
0 -1 0 0 
0 0 1 -1 
0 0 0 1 
View matrix:
1 0 0 0 
0 -1 0 0 
0 0 1 -1 
0 0 0 1 
View matrix:
1 0 0 0 
0 -1 0 0 
0 0 1 -1 
0 0 0 1 
View matrix:
1 0 0 0 
0 -1 0 0 
0 0 1 -1 
0 0 0 1 
View matrix:
1 0 0 0 
0 -1 0 0 
0 0 1 -1 
0 0 0 1 
View matrix:
1 0 0 0 
0 -1 0 0 
0 0 1 -1 
0 0 0 1 
View matrix:
1 0 0 0 
0 -1 0 0 
0 0 1 -1 
0 0 0 1 
View matrix:
1 0 0 0 
0 -1 0 0 
0 0 1 -1 
0 0 0 1 
View matrix:
1 0 0 0 
0 -1 0 0 
0 0 1 -1 
0 0 0 1 
View matrix:
1 0 0 0 
0 -1 0 0 
0 0 1 -1 
0 0 0 1 
View matrix:
0.999848 0 0.0174524 -0.0174524 
0 -1 0 0 
-0.0174524 0 0.999848 -0.999848 
0 0 0 1 
View matrix:
0.999391 0 0.0348995 -0.0348995 
0 -1 0 0 
-0.0348995 0 0.999391 -0.999391 
0 0 0 1 
View matrix:
0.99863 0 0.052336 -0.052336 
0 -1 0 0 
-0.052336 0 0.99863 -0.99863 
0 0 0 1 
View matrix:
0.997564 0 0.0697565 -0.0697565 
0 -1 0 0 
-0.0697565 0 0.997564 -0.997564 
0 0 0 1 
View matrix:
0.996195 0 0.0871557 -0.0871557 
0 -1 0 0 
-0.0871557 0 0.996195 -0.996195 
0 0 0 1 
View matrix:
0.994522 0 0.104528 -0.104528 
0 -1 0 0 
-0.104528 0 0.994522 -0.994522 
0 0 0 1 
View matrix:
0.992546 0 0.121869 -0.121869 
0 -1 0 0 
-0.121869 0 0.992546 -0.992546 
0 0 0 1 
View matrix:
0.990268 0 0.139173 -0.139173 
0 -1 0 0 
-0.139173 0 0.990268 -0.990268 
0 0 0 1 
View matrix:
0.987688 0 0.156434 -0.156434 
0 -1 0 0 
-0.156434 0 0.987688 -0.987688 
0 0 0 1 
View matrix:
0.984808 0 0.173648 -0.173648 
0 -1 0 0 
-0.173648 0 0.984808 -0.984808 
0 0 0 1 
View matrix:
0.981627 0 0.190809 -0.190809 
0 -1 0 0 
-0.190809 0 0.981627 -0.981627 
0 0 0 1 
View matrix:
0.978148 0 0.207912 -0.207912 
0 -1 0 0 
-0.207912 0 0.978148 -0.978148 
0 0 0 1 
View matrix:
0.97437 0 0.224951 -0.224951 
0 -1 0 0 
-0.224951 0 0.97437 -0.97437 
0 0 0 1 
View matrix:
0.970296 0 0.241922 -0.241922 
0 -1 0 0 
-0.241922 0 0.970296 -0.970296 
0 0 0 1 
View matrix:
0.965926 0 0.258819 -0.258819 
0 -1 0 0 
-0.258819 0 0.965926 -0.965926 
0 0 0 1 
View matrix:
0.961262 0 0.275637 -0.275637 
0 -1 0 0 
-0.275637 0 0.961262 -0.961262 
0 0 0 1 
View matrix:
0.956305 0 0.292372 -0.292372 
0 -1 0 0 
-0.292372 0 0.956305 -0.956305 
0 0 0 1 
View matrix:
0.951057 0 0.309017 -0.309017 
0 -1 0 0 
-0.309017 0 0.951057 -0.951057 
0 0 0 1 
View matrix:
0.945519 0 0.325568 -0.325568 
0 -1 0 0 
-0.325568 0 0.945519 -0.945519 
0 0 0 1 
View matrix:
0.939693 0 0.34202 -0.34202 
0 -1 0 0 
-0.34202 0 0.939693 -0.939693 
0 0 0 1 
View matrix:
0.93358 0 0.358368 -0.358368 
0 -1 0 0 
-0.358368 0 0.93358 -0.93358 
0 0 0 1 
View matrix:
0.927184 0 0.374607 -0.374607 
0 -1 0 0 
-0.374607 0 0.927184 -0.927184 
0 0 0 1 
View matrix:
0.920505 0 0.390731 -0.390731 
0 -1 0 0 
-0.390731 0 0.920505 -0.920505 
0 0 0 1 
View matrix:
0.913545 0 0.406737 -0.406737 
0 -1 0 0 
-0.406737 0 0.913545 -0.913545 
0 0 0 1 
View matrix:
0.906308 0 0.422618 -0.422618 
0 -1 0 0 
-0.422618 0 0.906308 -0.906308 
0 0 0 1 
View matrix:
0.898794 0 0.438371 -0.438371 
0 -1 0 0 
-0.438371 0 0.898794 -0.898794 
0 0 0 1 
View matrix:
0.891007 0 0.453991 -0.453991 
0 -1 0 0 
-0.453991 0 0.891007 -0.891007 
0 0 0 1 
View matrix:
0.882948 0 0.469472 -0.469472 
0 -1 0 0 
-0.469472 0 0.882948 -0.882948 
0 0 0 1 
View matrix:
0.87462 0 0.48481 -0.48481 
0 -1 0 0 
-0.48481 0 0.87462 -0.87462 
0 0 0 1 
View matrix:
0.866025 0 0.5 -0.5 
0 -1 0 0 
-0.5 0 0.866025 -0.866025 
0 0 0 1 
View matrix:
0.857167 0 0.515038 -0.515038 
0 -1 0 0 
-0.515038 0 0.857167 -0.857167 
0 0 0 1 
View matrix:
0.848048 0 0.529919 -0.529919 
0 -1 0 0 
-0.529919 0 0.848048 -0.848048 
0 0 0 1 
View matrix:
0.838671 0 0.544639 -0.544639 
0 -1 0 0 
-0.544639 0 0.838671 -0.838671 
0 0 0 1 
View matrix:
0.829038 0 0.559193 -0.559193 
0 -1 0 0 
-0.559193 0 0.829038 -0.829038 
0 0 0 1 
View matrix:
0.819152 0 0.573576 -0.573576 
0 -1 0 0 
-0.573576 0 0.819152 -0.819152 
0 0 0 1 
View matrix:
0.809017 0 0.587785 -0.587785 
0 -1 0 0 
-0.587785 0 0.809017 -0.809017 
0 0 0 1 
View matrix:
0.798636 0 0.601815 -0.601815 
0 -1 0 0 
-0.601815 0 0.798636 -0.798636 
0 0 0 1 
View matrix:
0.788011 0 0.615662 -0.615662 
0 -1 0 0 
-0.615662 0 0.788011 -0.788011 
0 0 0 1 
View matrix:
0.777146 0 0.62932 -0.62932 
0 -1 0 0 
-0.62932 0 0.777146 -0.777146 
0 0 0 1 
View matrix:
0.766044 0 0.642788 -0.642788 
0 -1 0 0 
-0.642788 0 0.766044 -0.766044 
0 0 0 1 
View matrix:
0.75471 0 0.656059 -0.656059 
0 -1 0 0 
-0.656059 0 0.75471 -0.75471 
0 0 0 1 
View matrix:
0.743145 0 0.669131 -0.669131 
0 -1 0 0 
-0.669131 0 0.743145 -0.743145 
0 0 0 1 
View matrix:
0.731354 0 0.681998 -0.681998 
0 -1 0 0 
-0.681998 0 0.731354 -0.731354 
0 0 0 1 
View matrix:
0.71934 0 0.694658 -0.694658 
0 -1 0 0 
-0.694658 0 0.71934 -0.71934 
0 0 0 1 
View matrix:
0.707107 0 0.707107 -0.707107 
0 -1 0 0 
-0.707107 0 0.707107 -0.707107 
0 0 0 1 
View matrix:
0.694658 0 0.71934 -0.71934 
0 -1 0 0 
-0.71934 0 0.694658 -0.694658 
0 0 0 1 
View matrix:
0.681998 0 0.731354 -0.731354 
0 -1 0 0 
-0.731354 0 0.681998 -0.681998 
0 0 0 1 
View matrix:
0.669131 0 0.743145 -0.743145 
0 -1 0 0 
-0.743145 0 0.669131 -0.669131 
0 0 0 1 
View matrix:
0.656059 0 0.75471 -0.75471 
0 -1 0 0 
-0.75471 0 0.656059 -0.656059 
0 0 0 1 
View matrix:
0.642788 0 0.766044 -0.766044 
0 -1 0 0 
-0.766044 0 0.642788 -0.642788 
0 0 0 1 
View matrix:
0.62932 0 0.777146 -0.777146 
0 -1 0 0 
-0.777146 0 0.62932 -0.62932 
0 0 0 1 
View matrix:
0.615662 0 0.788011 -0.788011 
0 -1 0 0 
-0.788011 0 0.615662 -0.615662 
0 0 0 1 
View matrix:
0.601815 0 0.798636 -0.798636 
0 -1 0 0 
-0.798636 0 0.601815 -0.601815 
0 0 0 1 
View matrix:
0.587785 0 0.809017 -0.809017 
0 -1 0 0 
-0.809017 0 0.587785 -0.587785 
0 0 0 1 
View matrix:
0.573576 0 0.819152 -0.819152 
0 -1 0 0 
-0.819152 0 0.573576 -0.573576 
0 0 0 1 
View matrix:
0.559193 0 0.829038 -0.829038 
0 -1 0 0 
-0.829038 0 0.559193 -0.559193 
0 0 0 1 
View matrix:
0.544639 0 0.838671 -0.838671 
0 -1 0 0 
-0.838671 0 0.544639 -0.544639 
0 0 0 1 
View matrix:
0.529919 0 0.848048 -0.848048 
0 -1 0 0 
-0.848048 0 0.529919 -0.529919 
0 0 0 1 
View matrix:
0.515038 0 0.857167 -0.857167 
0 -1 0 0 
-0.857167 0 0.515038 -0.515038 
0 0 0 1 
View matrix:
0.5 0 0.866025 -0.866025 
0 -1 0 0 
-0.866025 0 0.5 -0.5 
0 0 0 1 
View matrix:
0.48481 0 0.87462 -0.87462 
0 -1 0 0 
-0.87462 0 0.48481 -0.48481 
0 0 0 1 
View matrix:
0.469472 0 0.882948 -0.882948 
0 -1 0 0 
-0.882948 0 0.469472 -0.469472 
0 0 0 1 
View matrix:
0.453991 0 0.891007 -0.891007 
0 -1 0 0 
-0.891007 0 0.453991 -0.453991 
0 0 0 1 
View matrix:
0.438371 0 0.898794 -0.898794 
0 -1 0 0 
-0.898794 0 0.438371 -0.438371 
0 0 0 1 
View matrix:
0.422618 0 0.906308 -0.906308 
0 -1 0 0 
-0.906308 0 0.422618 -0.422618 
0 0 0 1 
View matrix:
0.406737 0 0.913545 -0.913545 
0 -1 0 0 
-0.913545 0 0.406737 -0.406737 
0 0 0 1 
View matrix:
0.390731 0 0.920505 -0.920505 
0 -1 0 0 
-0.920505 0 0.390731 -0.390731 
0 0 0 1 
View matrix:
0.374607 0 0.927184 -0.927184 
0 -1 0 0 
-0.927184 0 0.374607 -0.374607 
0 0 0 1 
View matrix:
0.358368 0 0.93358 -0.93358 
0 -1 0 0 
-0.93358 0 0.358368 -0.358368 
0 0 0 1 
View matrix:
0.34202 0 0.939693 -0.939693 
0 -1 0 0 
-0.939693 0 0.34202 -0.34202 
0 0 0 1 
View matrix:
0.325568 0 0.945519 -0.945519 
0 -1 0 0 
-0.945519 0 0.325568 -0.325568 
0 0 0 1 
View matrix:
0.309017 0 0.951057 -0.951057 
0 -1 0 0 
-0.951057 0 0.309017 -0.309017 
0 0 0 1 
View matrix:
0.292372 0 0.956305 -0.956305 
0 -1 0 0 
-0.956305 0 0.292372 -0.292372 
0 0 0 1 
View matrix:
0.275637 0 0.961262 -0.961262 
0 -1 0 0 
-0.961262 0 0.275637 -0.275637 
0 0 0 1 
View matrix:
0.258819 0 0.965926 -0.965926 
0 -1 0 0 
-0.965926 0 0.258819 -0.258819 
0 0 0 1 
View matrix:
0.241922 0 0.970296 -0.970296 
0 -1 0 0 
-0.970296 0 0.241922 -0.241922 
0 0 0 1 
View matrix:
0.224951 0 0.97437 -0.97437 
0 -1 0 0 
-0.97437 0 0.224951 -0.224951 
0 0 0 1 
View matrix:
0.207912 0 0.978148 -0.978148 
0 -1 0 0 
-0.978148 0 0.207912 -0.207912 
0 0 0 1 
View matrix:
0.190809 0 0.981627 -0.981627 
0 -1 0 0 
-0.981627 0 0.190809 -0.190809 
0 0 0 1 
View matrix:
0.173648 0 0.984808 -0.984808 
0 -1 0 0 
-0.984808 0 0.173648 -0.173648 
0 0 0 1 
View matrix:
0.156434 0 0.987688 -0.987688 
0 -1 0 0 
-0.987688 0 0.156434 -0.156434 
0 0 0 1 
View matrix:
0.139173 0 0.990268 -0.990268 
0 -1 0 0 
-0.990268 0 0.139173 -0.139173 
0 0 0 1 
View matrix:
0.121869 0 0.992546 -0.992546 
0 -1 0 0 
-0.992546 0 0.121869 -0.121869 
0 0 0 1 
View matrix:
0.104528 0 0.994522 -0.994522 
0 -1 0 0 
-0.994522 0 0.104528 -0.104528 
0 0 0 1 
View matrix:
0.0871558 0 0.996195 -0.996195 
0 -1 0 0 
-0.996195 0 0.0871558 -0.0871558 
0 0 0 1 
View matrix:
0.0697565 0 0.997564 -0.997564 
0 -1 0 0 
-0.997564 0 0.0697565 -0.0697565 
0 0 0 1 
View matrix:
0.052336 0 0.99863 -0.99863 
0 -1 0 0 
-0.99863 0 0.052336 -0.052336 
0 0 0 1 
View matrix:
0.0348995 0 0.999391 -0.999391 
0 -1 0 0 
-0.999391 0 0.0348995 -0.0348995 
0 0 0 1 
View matrix:
0.0174524 0 0.999848 -0.999848 
0 -1 0 0 
-0.999848 0 0.0174524 -0.0174524 
0 0 0 1 
View matrix:
-4.37114e-08 0 1 -1 
0 -1 0 0 
-1 0 -4.37114e-08 4.37114e-08 
0 0 0 1 
View matrix:
-0.0174524 0 0.999848 -0.999848 
0 -1 0 0 
-0.999848 0 -0.0174524 0.0174524 
0 0 0 1 
View matrix:
-0.0348995 0 0.999391 -0.999391 
0 -1 0 0 
-0.999391 0 -0.0348995 0.0348995 
0 0 0 1 
View matrix:
-0.0523359 0 0.99863 -0.99863 
0 -1 0 0 
-0.99863 0 -0.0523359 0.0523359 
0 0 0 1 
View matrix:
-0.0697565 0 0.997564 -0.997564 
0 -1 0 0 
-0.997564 0 -0.0697565 0.0697565 
0 0 0 1 
View matrix:
-0.0871558 0 0.996195 -0.996195 
0 -1 0 0 
-0.996195 0 -0.0871558 0.0871558 
0 0 0 1 
View matrix:
-0.104529 0 0.994522 -0.994522 
0 -1 0 0 
-0.994522 0 -0.104529 0.104529 
0 0 0 1 
View matrix:
-0.121869 0 0.992546 -0.992546 
0 -1 0 0 
-0.992546 0 -0.121869 0.121869 
0 0 0 1 
View matrix:
-0.139173 0 0.990268 -0.990268 
0 -1 0 0 
-0.990268 0 -0.139173 0.139173 
0 0 0 1 
View matrix:
-0.156434 0 0.987688 -0.987688 
0 -1 0 0 
-0.987688 0 -0.156434 0.156434 
0 0 0 1 
View matrix:
-0.173648 0 0.984808 -0.984808 
0 -1 0 0 
-0.984808 0 -0.173648 0.173648 
0 0 0 1 
View matrix:
-0.190809 0 0.981627 -0.981627 
0 -1 0 0 
-0.981627 0 -0.190809 0.190809 
0 0 0 1 
View matrix:
-0.207912 0 0.978148 -0.978148 
0 -1 0 0 
-0.978148 0 -0.207912 0.207912 
0 0 0 1 
View matrix:
-0.224951 0 0.97437 -0.97437 
0 -1 0 0 
-0.97437 0 -0.224951 0.224951 
0 0 0 1 
View matrix:
-0.241922 0 0.970296 -0.970296 
0 -1 0 0 
-0.970296 0 -0.241922 0.241922 
0 0 0 1 
View matrix:
-0.258819 0 0.965926 -0.965926 
0 -1 0 0 
-0.965926 0 -0.258819 0.258819 
0 0 0 1 
View matrix:
-0.275637 0 0.961262 -0.961262 
0 -1 0 0 
-0.961262 0 -0.275637 0.275637 
0 0 0 1 
View matrix:
-0.292372 0 0.956305 -0.956305 
0 -1 0 0 
-0.956305 0 -0.292372 0.292372 
0 0 0 1 
View matrix:
-0.309017 0 0.951056 -0.951056 
0 -1 0 0 
-0.951056 0 -0.309017 0.309017 
0 0 0 1 
View matrix:
-0.325568 0 0.945519 -0.945519 
0 -1 0 0 
-0.945519 0 -0.325568 0.325568 
0 0 0 1 
View matrix:
-0.34202 0 0.939693 -0.939693 
0 -1 0 0 
-0.939693 0 -0.34202 0.34202 
0 0 0 1 
View matrix:
-0.358368 0 0.93358 -0.93358 
0 -1 0 0 
-0.93358 0 -0.358368 0.358368 
0 0 0 1 
View matrix:
-0.374607 0 0.927184 -0.927184 
0 -1 0 0 
-0.927184 0 -0.374607 0.374607 
0 0 0 1 
View matrix:
-0.390731 0 0.920505 -0.920505 
0 -1 0 0 
-0.920505 0 -0.390731 0.390731 
0 0 0 1 
View matrix:
-0.406737 0 0.913545 -0.913545 
0 -1 0 0 
-0.913545 0 -0.406737 0.406737 
0 0 0 1 
View matrix:
-0.422618 0 0.906308 -0.906308 
0 -1 0 0 
-0.906308 0 -0.422618 0.422618 
0 0 0 1 
View matrix:
-0.438371 0 0.898794 -0.898794 
0 -1 0 0 
-0.898794 0 -0.438371 0.438371 
0 0 0 1 
View matrix:
-0.453991 0 0.891006 -0.891006 
0 -1 0 0 
-0.891006 0 -0.453991 0.453991 
0 0 0 1 
View matrix:
-0.469472 0 0.882948 -0.882948 
0 -1 0 0 
-0.882948 0 -0.469472 0.469472 
0 0 0 1 
View matrix:
-0.48481 0 0.87462 -0.87462 
0 -1 0 0 
-0.87462 0 -0.48481 0.48481 
0 0 0 1 
View matrix:
-0.5 0 0.866025 -0.866025 
0 -1 0 0 
-0.866025 0 -0.5 0.5 
0 0 0 1 
View matrix:
-0.515038 0 0.857167 -0.857167 
0 -1 0 0 
-0.857167 0 -0.515038 0.515038 
0 0 0 1 
View matrix:
-0.529919 0 0.848048 -0.848048 
0 -1 0 0 
-0.848048 0 -0.529919 0.529919 
0 0 0 1 
View matrix:
-0.544639 0 0.838671 -0.838671 
0 -1 0 0 
-0.838671 0 -0.544639 0.544639 
0 0 0 1 
View matrix:
-0.529919 0 0.848048 -0.848048 
0 -1 0 0 
-0.848048 0 -0.529919 0.529919 
0 0 0 1 
View matrix:
-0.515038 0 0.857167 -0.857167 
0 -1 0 0 
-0.857167 0 -0.515038 0.515038 
0 0 0 1 
View matrix:
-0.5 0 0.866025 -0.866025 
0 -1 0 0 
-0.866025 0 -0.5 0.5 
0 0 0 1 
View matrix:
-0.48481 0 0.87462 -0.87462 
0 -1 0 0 
-0.87462 0 -0.48481 0.48481 
0 0 0 1 
View matrix:
-0.469472 0 0.882948 -0.882948 
0 -1 0 0 
-0.882948 0 -0.469472 0.469472 
0 0 0 1 
View matrix:
-0.453991 0 0.891006 -0.891006 
0 -1 0 0 
-0.891006 0 -0.453991 0.453991 
0 0 0 1 
View matrix:
-0.438371 0 0.898794 -0.898794 
0 -1 0 0 
-0.898794 0 -0.438371 0.438371 
0 0 0 1 
View matrix:
-0.422618 0 0.906308 -0.906308 
0 -1 0 0 
-0.906308 0 -0.422618 0.422618 
0 0 0 1 
View matrix:
-0.406737 0 0.913545 -0.913545 
0 -1 0 0 
-0.913545 0 -0.406737 0.406737 
0 0 0 1 
View matrix:
-0.390731 0 0.920505 -0.920505 
0 -1 0 0 
-0.920505 0 -0.390731 0.390731 
0 0 0 1 
View matrix:
-0.374607 0 0.927184 -0.927184 
0 -1 0 0 
-0.927184 0 -0.374607 0.374607 
0 0 0 1 
View matrix:
-0.358368 0 0.93358 -0.93358 
0 -1 0 0 
-0.93358 0 -0.358368 0.358368 
0 0 0 1 
View matrix:
-0.34202 0 0.939693 -0.939693 
0 -1 0 0 
-0.939693 0 -0.34202 0.34202 
0 0 0 1 
View matrix:
-0.325568 0 0.945519 -0.945519 
0 -1 0 0 
-0.945519 0 -0.325568 0.325568 
0 0 0 1 
View matrix:
-0.309017 0 0.951056 -0.951056 
0 -1 0 0 
-0.951056 0 -0.309017 0.309017 
0 0 0 1 
View matrix:
-0.292372 0 0.956305 -0.956305 
0 -1 0 0 
-0.956305 0 -0.292372 0.292372 
0 0 0 1 
View matrix:
-0.275637 0 0.961262 -0.961262 
0 -1 0 0 
-0.961262 0 -0.275637 0.275637 
0 0 0 1 
View matrix:
-0.258819 0 0.965926 -0.965926 
0 -1 0 0 
-0.965926 0 -0.258819 0.258819 
0 0 0 1 
View matrix:
-0.241922 0 0.970296 -0.970296 
0 -1 0 0 
-0.970296 0 -0.241922 0.241922 
0 0 0 1 
View matrix:
-0.224951 0 0.97437 -0.97437 
0 -1 0 0 
-0.97437 0 -0.224951 0.224951 
0 0 0 1 
View matrix:
-0.207912 0 0.978148 -0.978148 
0 -1 0 0 
-0.978148 0 -0.207912 0.207912 
0 0 0 1 
View matrix:
-0.190809 0 0.981627 -0.981627 
0 -1 0 0 
-0.981627 0 -0.190809 0.190809 
0 0 0 1 
View matrix:
-0.173648 0 0.984808 -0.984808 
0 -1 0 0 
-0.984808 0 -0.173648 0.173648 
0 0 0 1 
View matrix:
-0.156434 0 0.987688 -0.987688 
0 -1 0 0 
-0.987688 0 -0.156434 0.156434 
0 0 0 1 
View matrix:
-0.139173 0 0.990268 -0.990268 
0 -1 0 0 
-0.990268 0 -0.139173 0.139173 
0 0 0 1 
View matrix:
-0.121869 0 0.992546 -0.992546 
0 -1 0 0 
-0.992546 0 -0.121869 0.121869 
0 0 0 1 
View matrix:
-0.104529 0 0.994522 -0.994522 
0 -1 0 0 
-0.994522 0 -0.104529 0.104529 
0 0 0 1 
View matrix:
-0.0871558 0 0.996195 -0.996195 
0 -1 0 0 
-0.996195 0 -0.0871558 0.0871558 
0 0 0 1 
View matrix:
-0.0697565 0 0.997564 -0.997564 
0 -1 0 0 
-0.997564 0 -0.0697565 0.0697565 
0 0 0 1 
View matrix:
-0.0523359 0 0.99863 -0.99863 
0 -1 0 0 
-0.99863 0 -0.0523359 0.0523359 
0 0 0 1 
View matrix:
-0.0348995 0 0.999391 -0.999391 
0 -1 0 0 
-0.999391 0 -0.0348995 0.0348995 
0 0 0 1 
View matrix:
-0.0174524 0 0.999848 -0.999848 
0 -1 0 0 
-0.999848 0 -0.0174524 0.0174524 
0 0 0 1 
View matrix:
-4.37114e-08 0 1 -1 
0 -1 0 0 
-1 0 -4.37114e-08 4.37114e-08 
0 0 0 1 
View matrix:
0.0174524 0 0.999848 -0.999848 
0 -1 0 0 
-0.999848 0 0.0174524 -0.0174524 
0 0 0 1 
View matrix:
0.0348995 0 0.999391 -0.999391 
0 -1 0 0 
-0.999391 0 0.0348995 -0.0348995 
0 0 0 1 
View matrix:
0.052336 0 0.99863 -0.99863 
0 -1 0 0 
-0.99863 0 0.052336 -0.052336 
0 0 0 1 
View matrix:
0.0697565 0 0.997564 -0.997564 
0 -1 0 0 
-0.997564 0 0.0697565 -0.0697565 
0 0 0 1 
View matrix:
0.0871558 0 0.996195 -0.996195 
0 -1 0 0 
-0.996195 0 0.0871558 -0.0871558 
0 0 0 1 
View matrix:
0.104528 0 0.994522 -0.994522 
0 -1 0 0 
-0.994522 0 0.104528 -0.104528 
0 0 0 1 
View matrix:
0.121869 0 0.992546 -0.992546 
0 -1 0 0 
-0.992546 0 0.121869 -0.121869 
0 0 0 1 
View matrix:
0.139173 0 0.990268 -0.990268 
0 -1 0 0 
-0.990268 0 0.139173 -0.139173 
0 0 0 1 
View matrix:
0.156434 0 0.987688 -0.987688 
0 -1 0 0 
-0.987688 0 0.156434 -0.156434 
0 0 0 1 
View matrix:
0.173648 0 0.984808 -0.984808 
0 -1 0 0 
-0.984808 0 0.173648 -0.173648 
0 0 0 1 
View matrix:
0.190809 0 0.981627 -0.981627 
0 -1 0 0 
-0.981627 0 0.190809 -0.190809 
0 0 0 1 
View matrix:
0.207912 0 0.978148 -0.978148 
0 -1 0 0 
-0.978148 0 0.207912 -0.207912 
0 0 0 1 
View matrix:
0.224951 0 0.97437 -0.97437 
0 -1 0 0 
-0.97437 0 0.224951 -0.224951 
0 0 0 1 
View matrix:
0.241922 0 0.970296 -0.970296 
0 -1 0 0 
-0.970296 0 0.241922 -0.241922 
0 0 0 1 
View matrix:
0.258819 0 0.965926 -0.965926 
0 -1 0 0 
-0.965926 0 0.258819 -0.258819 
0 0 0 1 
View matrix:
0.275637 0 0.961262 -0.961262 
0 -1 0 0 
-0.961262 0 0.275637 -0.275637 
0 0 0 1 
View matrix:
0.292372 0 0.956305 -0.956305 
0 -1 0 0 
-0.956305 0 0.292372 -0.292372 
0 0 0 1 
View matrix:
0.309017 0 0.951057 -0.951057 
0 -1 0 0 
-0.951057 0 0.309017 -0.309017 
0 0 0 1 
View matrix:
0.325568 0 0.945519 -0.945519 
0 -1 0 0 
-0.945519 0 0.325568 -0.325568 
0 0 0 1 
View matrix:
0.34202 0 0.939693 -0.939693 
0 -1 0 0 
-0.939693 0 0.34202 -0.34202 
0 0 0 1 
View matrix:
0.358368 0 0.93358 -0.93358 
0 -1 0 0 
-0.93358 0 0.358368 -0.358368 
0 0 0 1 
View matrix:
0.374607 0 0.927184 -0.927184 
0 -1 0 0 
-0.927184 0 0.374607 -0.374607 
0 0 0 1 
View matrix:
0.390731 0 0.920505 -0.920505 
0 -1 0 0 
-0.920505 0 0.390731 -0.390731 
0 0 0 1 
View matrix:
0.406737 0 0.913545 -0.913545 
0 -1 0 0 
-0.913545 0 0.406737 -0.406737 
0 0 0 1 
View matrix:
0.422618 0 0.906308 -0.906308 
0 -1 0 0 
-0.906308 0 0.422618 -0.422618 
0 0 0 1 
View matrix:
0.438371 0 0.898794 -0.898794 
0 -1 0 0 
-0.898794 0 0.438371 -0.438371 
0 0 0 1 
View matrix:
0.453991 0 0.891007 -0.891007 
0 -1 0 0 
-0.891007 0 0.453991 -0.453991 
0 0 0 1 
View matrix:
0.469472 0 0.882948 -0.882948 
0 -1 0 0 
-0.882948 0 0.469472 -0.469472 
0 0 0 1 
View matrix:
0.48481 0 0.87462 -0.87462 
0 -1 0 0 
-0.87462 0 0.48481 -0.48481 
0 0 0 1 
View matrix:
0.5 0 0.866025 -0.866025 
0 -1 0 0 
-0.866025 0 0.5 -0.5 
0 0 0 1 
View matrix:
0.515038 0 0.857167 -0.857167 
0 -1 0 0 
-0.857167 0 0.515038 -0.515038 
0 0 0 1 
View matrix:
0.529919 0 0.848048 -0.848048 
0 -1 0 0 
-0.848048 0 0.529919 -0.529919 
0 0 0 1 
View matrix:
0.544639 0 0.838671 -0.838671 
0 -1 0 0 
-0.838671 0 0.544639 -0.544639 
0 0 0 1 
View matrix:
0.559193 0 0.829038 -0.829038 
0 -1 0 0 
-0.829038 0 0.559193 -0.559193 
0 0 0 1 
View matrix:
0.573576 0 0.819152 -0.819152 
0 -1 0 0 
-0.819152 0 0.573576 -0.573576 
0 0 0 1 
View matrix:
0.587785 0 0.809017 -0.809017 
0 -1 0 0 
-0.809017 0 0.587785 -0.587785 
0 0 0 1 
View matrix:
0.601815 0 0.798636 -0.798636 
0 -1 0 0 
-0.798636 0 0.601815 -0.601815 
0 0 0 1 
View matrix:
0.615662 0 0.788011 -0.788011 
0 -1 0 0 
-0.788011 0 0.615662 -0.615662 
0 0 0 1 
View matrix:
0.62932 0 0.777146 -0.777146 
0 -1 0 0 
-0.777146 0 0.62932 -0.62932 
0 0 0 1 
View matrix:
0.642788 0 0.766044 -0.766044 
0 -1 0 0 
-0.766044 0 0.642788 -0.642788 
0 0 0 1 
View matrix:
0.656059 0 0.75471 -0.75471 
0 -1 0 0 
-0.75471 0 0.656059 -0.656059 
0 0 0 1 
View matrix:
0.669131 0 0.743145 -0.743145 
0 -1 0 0 
-0.743145 0 0.669131 -0.669131 
0 0 0 1 
View matrix:
0.681998 0 0.731354 -0.731354 
0 -1 0 0 
-0.731354 0 0.681998 -0.681998 
0 0 0 1 
View matrix:
0.694658 0 0.71934 -0.71934 
0 -1 0 0 
-0.71934 0 0.694658 -0.694658 
0 0 0 1 
View matrix:
0.707107 0 0.707107 -0.707107 
0 -1 0 0 
-0.707107 0 0.707107 -0.707107 
0 0 0 1 
View matrix:
0.71934 0 0.694658 -0.694658 
0 -1 0 0 
-0.694658 0 0.71934 -0.71934 
0 0 0 1 
View matrix:
0.731354 0 0.681998 -0.681998 
0 -1 0 0 
-0.681998 0 0.731354 -0.731354 
0 0 0 1 
View matrix:
0.743145 0 0.669131 -0.669131 
0 -1 0 0 
-0.669131 0 0.743145 -0.743145 
0 0 0 1 
View matrix:
0.75471 0 0.656059 -0.656059 
0 -1 0 0 
-0.656059 0 0.75471 -0.75471 
0 0 0 1 
View matrix:
0.75471 0 0.656059 -0.656059 
0 -1 0 0 
-0.656059 0 0.75471 -0.75471 
0 0 0 1 
View matrix:
0.75471 0 0.656059 -0.656059 
0 -1 0 0 
-0.656059 0 0.75471 -0.75471 
0 0 0 1 
View matrix:
0.75471 0 0.656059 -0.656059 
0 -1 0 0 
-0.656059 0 0.75471 -0.75471 
0 0 0 1 
View matrix:
0.75471 0 0.656059 -0.656059 
0 -1 0 0 
-0.656059 0 0.75471 -0.75471 
0 0 0 1 
View matrix:
0.75471 0 0.656059 -0.656059 
0 -1 0 0 
-0.656059 0 0.75471 -0.75471 
0 0 0 1 
View matrix:
0.75471 0 0.656059 -0.656059 
0 -1 0 0 
-0.656059 0 0.75471 -0.75471 
0 0 0 1 
View matrix:
0.75471 0 0.656059 -0.656059 
0 -1 0 0 
-0.656059 0 0.75471 -0.75471 
0 0 0 1 
View matrix:
0.75471 0 0.656059 -0.649498 
0 -1 0 0 
-0.656059 0 0.75471 -0.747163 
0 0 0 1 
View matrix:
0.75471 0 0.656059 -0.642938 
0 -1 0 0 
-0.656059 0 0.75471 -0.739615 
0 0 0 1 
View matrix:
0.75471 0 0.656059 -0.636377 
0 -1 0 0 
-0.656059 0 0.75471 -0.732068 
0 0 0 1 
View matrix:
0.75471 0 0.656059 -0.629817 
0 -1 0 0 
-0.656059 0 0.75471 -0.724521 
0 0 0 1 
View matrix:
0.75471 0 0.656059 -0.623256 
0 -1 0 0 
-0.656059 0 0.75471 -0.716974 
0 0 0 1 
View matrix:
0.75471 0 0.656059 -0.616695 
0 -1 0 0 
-0.656059 0 0.75471 -0.709427 
0 0 0 1 
View matrix:
0.75471 0 0.656059 -0.610135 
0 -1 0 0 
-0.656059 0 0.75471 -0.70188 
0 0 0 1 
View matrix:
0.75471 0 0.656059 -0.603574 
0 -1 0 0 
-0.656059 0 0.75471 -0.694333 
0 0 0 1 
View matrix:
0.75471 0 0.656059 -0.597014 
0 -1 0 0 
-0.656059 0 0.75471 -0.686786 
0 0 0 1 
View matrix:
0.75471 0 0.656059 -0.590453 
0 -1 0 0 
-0.656059 0 0.75471 -0.679239 
0 0 0 1 
View matrix:
0.75471 0 0.656059 -0.583893 
0 -1 0 0 
-0.656059 0 0.75471 -0.671692 
0 0 0 1 
View matrix:
0.75471 0 0.656059 -0.577332 
0 -1 0 0 
-0.656059 0 0.75471 -0.664144 
0 0 0 1 
View matrix:
0.75471 0 0.656059 -0.570771 
0 -1 0 0 
-0.656059 0 0.75471 -0.656597 
0 0 0 1 
View matrix:
0.75471 0 0.656059 -0.564211 
0 -1 0 0 
-0.656059 0 0.75471 -0.64905 
0 0 0 1 
View matrix:
0.75471 0 0.656059 -0.55765 
0 -1 0 0 
-0.656059 0 0.75471 -0.641503 
0 0 0 1 
View matrix:
0.75471 0 0.656059 -0.55109 
0 -1 0 0 
-0.656059 0 0.75471 -0.633956 
0 0 0 1 
View matrix:
0.75471 0 0.656059 -0.544529 
0 -1 0 0 
-0.656059 0 0.75471 -0.626409 
0 0 0 1 
View matrix:
0.75471 0 0.656059 -0.537968 
0 -1 0 0 
-0.656059 0 0.75471 -0.618862 
0 0 0 1 
View matrix:
0.75471 0 0.656059 -0.531408 
0 -1 0 0 
-0.656059 0 0.75471 -0.611315 
0 0 0 1 
View matrix:
0.75471 0 0.656059 -0.524847 
0 -1 0 0 
-0.656059 0 0.75471 -0.603768 
0 0 0 1 
View matrix:
0.75471 0 0.656059 -0.518287 
0 -1 0 0 
-0.656059 0 0.75471 -0.596221 
0 0 0 1 
View matrix:
0.75471 0 0.656059 -0.511726 
0 -1 0 0 
-0.656059 0 0.75471 -0.588673 
0 0 0 1 
View matrix:
0.75471 0 0.656059 -0.505165 
0 -1 0 0 
-0.656059 0 0.75471 -0.581126 
0 0 0 1 
View matrix:
0.75471 0 0.656059 -0.498605 
0 -1 0 0 
-0.656059 0 0.75471 -0.573579 
0 0 0 1 
View matrix:
0.75471 0 0.656059 -0.492044 
0 -1 0 0 
-0.656059 0 0.75471 -0.566032 
0 0 0 1 
View matrix:
0.75471 0 0.656059 -0.485484 
0 -1 0 0 
-0.656059 0 0.75471 -0.558485 
0 0 0 1 
View matrix:
0.75471 0 0.656059 -0.478923 
0 -1 0 0 
-0.656059 0 0.75471 -0.550938 
0 0 0 1 
View matrix:
0.75471 0 0.656059 -0.472363 
0 -1 0 0 
-0.656059 0 0.75471 -0.543391 
0 0 0 1 
View matrix:
0.75471 0 0.656059 -0.465802 
0 -1 0 0 
-0.656059 0 0.75471 -0.535844 
0 0 0 1 
View matrix:
0.75471 0 0.656059 -0.459241 
0 -1 0 0 
-0.656059 0 0.75471 -0.528297 
0 0 0 1 
View matrix:
0.75471 0 0.656059 -0.452681 
0 -1 0 0 
-0.656059 0 0.75471 -0.52075 
0 0 0 1 
View matrix:
0.75471 0 0.656059 -0.44612 
0 -1 0 0 
-0.656059 0 0.75471 -0.513203 
0 0 0 1 
View matrix:
0.75471 0 0.656059 -0.43956 
0 -1 0 0 
-0.656059 0 0.75471 -0.505655 
0 0 0 1 
View matrix:
0.75471 0 0.656059 -0.432999 
0 -1 0 0 
-0.656059 0 0.75471 -0.498108 
0 0 0 1 
View matrix:
0.75471 0 0.656059 -0.426438 
0 -1 0 0 
-0.656059 0 0.75471 -0.490561 
0 0 0 1 
View matrix:
0.75471 0 0.656059 -0.419878 
0 -1 0 0 
-0.656059 0 0.75471 -0.483014 
0 0 0 1 
View matrix:
0.75471 0 0.656059 -0.413317 
0 -1 0 0 
-0.656059 0 0.75471 -0.475467 
0 0 0 1 
View matrix:
0.75471 0 0.656059 -0.406757 
0 -1 0 0 
-0.656059 0 0.75471 -0.46792 
0 0 0 1 
View matrix:
0.75471 0 0.656059 -0.400196 
0 -1 0 0 
-0.656059 0 0.75471 -0.460373 
0 0 0 1 
View matrix:
0.75471 0 0.656059 -0.393636 
0 -1 0 0 
-0.656059 0 0.75471 -0.452826 
0 0 0 1 
View matrix:
0.75471 0 0.656059 -0.387075 
0 -1 0 0 
-0.656059 0 0.75471 -0.445279 
0 0 0 1 
View matrix:
0.75471 0 0.656059 -0.380514 
0 -1 0 0 
-0.656059 0 0.75471 -0.437732 
0 0 0 1 
View matrix:
0.75471 0 0.656059 -0.373954 
0 -1 0 0 
-0.656059 0 0.75471 -0.430185 
0 0 0 1 
View matrix:
0.75471 0 0.656059 -0.367393 
0 -1 0 0 
-0.656059 0 0.75471 -0.422638 
0 0 0 1 
View matrix:
0.75471 0 0.656059 -0.360833 
0 -1 0 0 
-0.656059 0 0.75471 -0.41509 
0 0 0 1 
View matrix:
0.75471 0 0.656059 -0.354272 
0 -1 0 0 
-0.656059 0 0.75471 -0.407543 
0 0 0 1 
View matrix:
0.75471 0 0.656059 -0.347711 
0 -1 0 0 
-0.656059 0 0.75471 -0.399996 
0 0 0 1 
View matrix:
0.75471 0 0.656059 -0.341151 
0 -1 0 0 
-0.656059 0 0.75471 -0.392449 
0 0 0 1 
View matrix:
0.75471 0 0.656059 -0.33459 
0 -1 0 0 
-0.656059 0 0.75471 -0.384902 
0 0 0 1 
View matrix:
0.75471 0 0.656059 -0.32803 
0 -1 0 0 
-0.656059 0 0.75471 -0.377355 
0 0 0 1 
View matrix:
0.75471 0 0.656059 -0.321469 
0 -1 0 0 
-0.656059 0 0.75471 -0.369808 
0 0 0 1 
View matrix:
0.75471 0 0.656059 -0.314908 
0 -1 0 0 
-0.656059 0 0.75471 -0.362261 
0 0 0 1 
View matrix:
0.75471 0 0.656059 -0.308348 
0 -1 0 0 
-0.656059 0 0.75471 -0.354714 
0 0 0 1 
View matrix:
0.75471 0 0.656059 -0.301787 
0 -1 0 0 
-0.656059 0 0.75471 -0.347167 
0 0 0 1 
View matrix:
0.75471 0 0.656059 -0.295227 
0 -1 0 0 
-0.656059 0 0.75471 -0.339619 
0 0 0 1 
View matrix:
0.75471 0 0.656059 -0.288666 
0 -1 0 0 
-0.656059 0 0.75471 -0.332072 
0 0 0 1 
View matrix:
0.75471 0 0.656059 -0.282106 
0 -1 0 0 
-0.656059 0 0.75471 -0.324525 
0 0 0 1 
View matrix:
0.75471 0 0.656059 -0.275545 
0 -1 0 0 
-0.656059 0 0.75471 -0.316978 
0 0 0 1 
View matrix:
0.75471 0 0.656059 -0.268984 
0 -1 0 0 
-0.656059 0 0.75471 -0.309431 
0 0 0 1 
View matrix:
0.75471 0 0.656059 -0.262424 
0 -1 0 0 
-0.656059 0 0.75471 -0.301884 
0 0 0 1 
View matrix:
0.75471 0 0.656059 -0.255863 
0 -1 0 0 
-0.656059 0 0.75471 -0.294337 
0 0 0 1 
View matrix:
0.75471 0 0.656059 -0.249303 
0 -1 0 0 
-0.656059 0 0.75471 -0.28679 
0 0 0 1 
View matrix:
0.75471 0 0.656059 -0.242742 
0 -1 0 0 
-0.656059 0 0.75471 -0.279243 
0 0 0 1 
View matrix:
0.75471 0 0.656059 -0.236181 
0 -1 0 0 
-0.656059 0 0.75471 -0.271696 
0 0 0 1 
View matrix:
0.75471 0 0.656059 -0.229621 
0 -1 0 0 
-0.656059 0 0.75471 -0.264149 
0 0 0 1 
View matrix:
0.75471 0 0.656059 -0.22306 
0 -1 0 0 
-0.656059 0 0.75471 -0.256602 
0 0 0 1 
View matrix:
0.75471 0 0.656059 -0.2165 
0 -1 0 0 
-0.656059 0 0.75471 -0.249054 
0 0 0 1 
View matrix:
0.75471 0 0.656059 -0.209939 
0 -1 0 0 
-0.656059 0 0.75471 -0.241507 
0 0 0 1 
View matrix:
0.75471 0 0.656059 -0.203379 
0 -1 0 0 
-0.656059 0 0.75471 -0.23396 
0 0 0 1 
View matrix:
0.75471 0 0.656059 -0.196818 
0 -1 0 0 
-0.656059 0 0.75471 -0.226413 
0 0 0 1 
View matrix:
0.75471 0 0.656059 -0.190257 
0 -1 0 0 
-0.656059 0 0.75471 -0.218866 
0 0 0 1 
View matrix:
0.75471 0 0.656059 -0.183697 
0 -1 0 0 
-0.656059 0 0.75471 -0.211319 
0 0 0 1 
View matrix:
0.75471 0 0.656059 -0.177136 
0 -1 0 0 
-0.656059 0 0.75471 -0.203772 
0 0 0 1 
View matrix:
0.75471 0 0.656059 -0.170576 
0 -1 0 0 
-0.656059 0 0.75471 -0.196225 
0 0 0 1 
View matrix:
0.75471 0 0.656059 -0.164015 
0 -1 0 0 
-0.656059 0 0.75471 -0.188678 
0 0 0 1 
View matrix:
0.75471 0 0.656059 -0.157454 
0 -1 0 0 
-0.656059 0 0.75471 -0.181131 
0 0 0 1 
View matrix:
0.75471 0 0.656059 -0.150894 
0 -1 0 0 
-0.656059 0 0.75471 -0.173584 
0 0 0 1 
View matrix:
0.75471 0 0.656059 -0.144333 
0 -1 0 0 
-0.656059 0 0.75471 -0.166036 
0 0 0 1 
View matrix:
0.75471 0 0.656059 -0.137773 
0 -1 0 0 
-0.656059 0 0.75471 -0.158489 
0 0 0 1 
View matrix:
0.75471 0 0.656059 -0.131212 
0 -1 0 0 
-0.656059 0 0.75471 -0.150942 
0 0 0 1 
View matrix:
0.75471 0 0.656059 -0.124652 
0 -1 0 0 
-0.656059 0 0.75471 -0.143395 
0 0 0 1 
View matrix:
0.75471 0 0.656059 -0.118091 
0 -1 0 0 
-0.656059 0 0.75471 -0.135848 
0 0 0 1 
View matrix:
0.75471 0 0.656059 -0.11153 
0 -1 0 0 
-0.656059 0 0.75471 -0.128301 
0 0 0 1 
View matrix:
0.75471 0 0.656059 -0.10497 
0 -1 0 0 
-0.656059 0 0.75471 -0.120754 
0 0 0 1 
View matrix:
0.75471 0 0.656059 -0.0984092 
0 -1 0 0 
-0.656059 0 0.75471 -0.113207 
0 0 0 1 
View matrix:
0.75471 0 0.656059 -0.0984092 
0 -1 0 0 
-0.656059 0 0.75471 -0.113207 
0 0 0 1 
View matrix:
0.75471 0 0.656059 -0.0984092 
0 -1 0 0 
-0.656059 0 0.75471 -0.113207 
0 0 0 1 
View matrix:
0.75471 0 0.656059 -0.0984092 
0 -1 0 0 
-0.656059 0 0.75471 -0.113207 
0 0 0 1 
View matrix:
0.75471 0 0.656059 -0.0984092 
0 -1 0 0 
-0.656059 0 0.75471 -0.113207 
0 0 0 1 
View matrix:
0.75471 0 0.656059 -0.0984092 
0 -1 0 0 
-0.656059 0 0.75471 -0.113207 
0 0 0 1 
View matrix:
0.75471 0 0.656059 -0.0984092 
0 -1 0 0 
-0.656059 0 0.75471 -0.113207 
0 0 0 1 
View matrix:
0.75471 0 0.656059 -0.0984092 
0 -1 0 0 
-0.656059 0 0.75471 -0.113207 
0 0 0 1 
View matrix:
0.75471 0 0.656059 -0.0984092 
0 -1 0 0 
-0.656059 0 0.75471 -0.113207 
0 0 0 1 
View matrix:
0.75471 0 0.656059 -0.0984092 
0 -1 0 0 
-0.656059 0 0.75471 -0.113207 
0 0 0 1 
View matrix:
0.75471 0 0.656059 -0.0984092 
0 -1 0 0 
-0.656059 0 0.75471 -0.113207 
0 0 0 1 
View matrix:
0.75471 0 0.656059 -0.0984092 
0 -1 0 0 
-0.656059 0 0.75471 -0.113207 
0 0 0 1 
View matrix:
0.75471 0 0.656059 -0.0984092 
0 -1 0 0 
-0.656059 0 0.75471 -0.113207 
0 0 0 1 
View matrix:
0.75471 0 0.656059 -0.0984092 
0 -1 0 0 
-0.656059 0 0.75471 -0.113207 
0 0 0 1 
View matrix:
0.75471 0 0.656059 -0.0984092 
0 -1 0 0 
-0.656059 0 0.75471 -0.113207 
0 0 0 1 
View matrix:
0.75471 0 0.656059 -0.0984092 
0 -1 0 0 
-0.656059 0 0.75471 -0.113207 
0 0 0 1 
View matrix:
0.75471 0 0.656059 -0.0984092 
0 -1 0 0 
-0.656059 0 0.75471 -0.113207 
0 0 0 1 
View matrix:
0.75471 0 0.656059 -0.0984092 
0 -1 0 0 
-0.656059 0 0.75471 -0.113207 
0 0 0 1 
View matrix:
0.75471 0 0.656059 -0.0984092 
0 -1 0 0 
-0.656059 0 0.75471 -0.113207 
0 0 0 1 
View matrix:
0.75471 0 0.656059 -0.0984092 
0 -1 0 0 
-0.656059 0 0.75471 -0.113207 
0 0 0 1 
View matrix:
0.75471 0 0.656059 -0.0984092 
0 -1 0 0 
-0.656059 0 0.75471 -0.113207 
0 0 0 1 
View matrix:
0.75471 0 0.656059 -0.0984092 
0 -1 0 0 
-0.656059 0 0.75471 -0.113207 
0 0 0 1 
View matrix:
0.75471 0 0.656059 -0.0984092 
0 -1 0 0 
-0.656059 0 0.75471 -0.113207 
0 0 0 1 
View matrix:
0.75471 0 0.656059 -0.10497 
0 -1 0 0 
-0.656059 0 0.75471 -0.120754 
0 0 0 1 
View matrix:
0.75471 0 0.656059 -0.11153 
0 -1 0 0 
-0.656059 0 0.75471 -0.128301 
0 0 0 1 
View matrix:
0.75471 0 0.656059 -0.118091 
0 -1 0 0 
-0.656059 0 0.75471 -0.135848 
0 0 0 1 
View matrix:
0.75471 0 0.656059 -0.124652 
0 -1 0 0 
-0.656059 0 0.75471 -0.143395 
0 0 0 1 
View matrix:
0.75471 0 0.656059 -0.131212 
0 -1 0 0 
-0.656059 0 0.75471 -0.150942 
0 0 0 1 
View matrix:
0.75471 0 0.656059 -0.137773 
0 -1 0 0 
-0.656059 0 0.75471 -0.158489 
0 0 0 1 
View matrix:
0.75471 0 0.656059 -0.144333 
0 -1 0 0 
-0.656059 0 0.75471 -0.166036 
0 0 0 1 
View matrix:
0.75471 0 0.656059 -0.150894 
0 -1 0 0 
-0.656059 0 0.75471 -0.173584 
0 0 0 1 
View matrix:
0.75471 0 0.656059 -0.157454 
0 -1 0 0 
-0.656059 0 0.75471 -0.181131 
0 0 0 1 
View matrix:
0.75471 0 0.656059 -0.164015 
0 -1 0 0 
-0.656059 0 0.75471 -0.188678 
0 0 0 1 
View matrix:
0.75471 0 0.656059 -0.170576 
0 -1 0 0 
-0.656059 0 0.75471 -0.196225 
0 0 0 1 
View matrix:
0.75471 0 0.656059 -0.177136 
0 -1 0 0 
-0.656059 0 0.75471 -0.203772 
0 0 0 1 
View matrix:
0.75471 0 0.656059 -0.183697 
0 -1 0 0 
-0.656059 0 0.75471 -0.211319 
0 0 0 1 
View matrix:
0.75471 0 0.656059 -0.190257 
0 -1 0 0 
-0.656059 0 0.75471 -0.218866 
0 0 0 1 
View matrix:
0.75471 0 0.656059 -0.196818 
0 -1 0 0 
-0.656059 0 0.75471 -0.226413 
0 0 0 1 
View matrix:
0.75471 0 0.656059 -0.203379 
0 -1 0 0 
-0.656059 0 0.75471 -0.23396 
0 0 0 1 
View matrix:
0.75471 0 0.656059 -0.209939 
0 -1 0 0 
-0.656059 0 0.75471 -0.241507 
0 0 0 1 
View matrix:
0.75471 0 0.656059 -0.2165 
0 -1 0 0 
-0.656059 0 0.75471 -0.249054 
0 0 0 1 
View matrix:
0.75471 0 0.656059 -0.22306 
0 -1 0 0 
-0.656059 0 0.75471 -0.256602 
0 0 0 1 
View matrix:
0.75471 0 0.656059 -0.229621 
0 -1 0 0 
-0.656059 0 0.75471 -0.264149 
0 0 0 1 
View matrix:
0.75471 0 0.656059 -0.236181 
0 -1 0 0 
-0.656059 0 0.75471 -0.271696 
0 0 0 1 
View matrix:
0.75471 0 0.656059 -0.242742 
0 -1 0 0 
-0.656059 0 0.75471 -0.279243 
0 0 0 1 
View matrix:
0.75471 0 0.656059 -0.249303 
0 -1 0 0 
-0.656059 0 0.75471 -0.28679 
0 0 0 1 
View matrix:
0.75471 0 0.656059 -0.255863 
0 -1 0 0 
-0.656059 0 0.75471 -0.294337 
0 0 0 1 
View matrix:
0.75471 0 0.656059 -0.262424 
0 -1 0 0 
-0.656059 0 0.75471 -0.301884 
0 0 0 1 
View matrix:
0.75471 0 0.656059 -0.268984 
0 -1 0 0 
-0.656059 0 0.75471 -0.309431 
0 0 0 1 
View matrix:
0.75471 0 0.656059 -0.268984 
0 -1 0 0 
-0.656059 0 0.75471 -0.309431 
0 0 0 1 
View matrix:
0.75471 0 0.656059 -0.268984 
0 -1 0 0 
-0.656059 0 0.75471 -0.309431 
0 0 0 1 
View matrix:
0.75471 0 0.656059 -0.268984 
0 -1 0 0 
-0.656059 0 0.75471 -0.309431 
0 0 0 1 
View matrix:
0.75471 0 0.656059 -0.268984 
0 -1 0 0 
-0.656059 0 0.75471 -0.309431 
0 0 0 1 
View matrix:
0.75471 0 0.656059 -0.268984 
0 -1 0 0 
-0.656059 0 0.75471 -0.309431 
0 0 0 1 
View matrix:
0.75471 0 0.656059 -0.268984 
0 -1 0 0 
-0.656059 0 0.75471 -0.309431 
0 0 0 1 
View matrix:
0.75471 0 0.656059 -0.268984 
0 -1 0 0 
-0.656059 0 0.75471 -0.309431 
0 0 0 1 
View matrix:
0.75471 0 0.656059 -0.268984 
0 -1 0 0 
-0.656059 0 0.75471 -0.309431 
0 0 0 1 
View matrix:
0.75471 0 0.656059 -0.268984 
0 -1 0 0 
-0.656059 0 0.75471 -0.309431 
0 0 0 1 
View matrix:
0.75471 0 0.656059 -0.268984 
0 -1 0 0 
-0.656059 0 0.75471 -0.309431 
0 0 0 1 
View matrix:
0.75471 0 0.656059 -0.268984 
0 -1 0 0 
-0.656059 0 0.75471 -0.309431 
0 0 0 1 
View matrix:
0.75471 0 0.656059 -0.268984 
0 -1 0 0 
-0.656059 0 0.75471 -0.309431 
0 0 0 1 
View matrix:
0.75471 0 0.656059 -0.268984 
0 -1 0 0 
-0.656059 0 0.75471 -0.309431 
0 0 0 1 
View matrix:
0.743145 0 0.669131 -0.274344 
0 -1 0 0 
-0.669131 0 0.743145 -0.30469 
0 0 0 1 
View matrix:
0.731354 0 0.681998 -0.27962 
0 -1 0 0 
-0.681998 0 0.731354 -0.299855 
0 0 0 1 
View matrix:
0.71934 0 0.694658 -0.28481 
0 -1 0 0 
-0.694658 0 0.71934 -0.29493 
0 0 0 1 
View matrix:
0.707107 0 0.707107 -0.289914 
0 -1 0 0 
-0.707107 0 0.707107 -0.289914 
0 0 0 1 
View matrix:
0.694658 0 0.71934 -0.29493 
0 -1 0 0 
-0.71934 0 0.694658 -0.28481 
0 0 0 1 
View matrix:
0.681998 0 0.731354 -0.299855 
0 -1 0 0 
-0.731354 0 0.681998 -0.27962 
0 0 0 1 
View matrix:
0.669131 0 0.743145 -0.30469 
0 -1 0 0 
-0.743145 0 0.669131 -0.274344 
0 0 0 1 
View matrix:
0.656059 0 0.75471 -0.309431 
0 -1 0 0 
-0.75471 0 0.656059 -0.268984 
0 0 0 1 
View matrix:
0.642788 0 0.766044 -0.314078 
0 -1 0 0 
-0.766044 0 0.642788 -0.263543 
0 0 0 1 
View matrix:
0.62932 0 0.777146 -0.31863 
0 -1 0 0 
-0.777146 0 0.62932 -0.258022 
0 0 0 1 
View matrix:
0.615662 0 0.788011 -0.323085 
0 -1 0 0 
-0.788011 0 0.615662 -0.252421 
0 0 0 1 
View matrix:
0.601815 0 0.798636 -0.327441 
0 -1 0 0 
-0.798636 0 0.601815 -0.246744 
0 0 0 1 
View matrix:
0.587785 0 0.809017 -0.331697 
0 -1 0 0 
-0.809017 0 0.587785 -0.240992 
0 0 0 1 
View matrix:
0.573576 0 0.819152 -0.335853 
0 -1 0 0 
-0.819152 0 0.573576 -0.235166 
0 0 0 1 
View matrix:
0.559193 0 0.829038 -0.339906 
0 -1 0 0 
-0.829038 0 0.559193 -0.229269 
0 0 0 1 
View matrix:
0.544639 0 0.838671 -0.343855 
0 -1 0 0 
-0.838671 0 0.544639 -0.223302 
0 0 0 1 
View matrix:
0.529919 0 0.848048 -0.3477 
0 -1 0 0 
-0.848048 0 0.529919 -0.217267 
0 0 0 1 
View matrix:
0.515038 0 0.857167 -0.351439 
0 -1 0 0 
-0.857167 0 0.515038 -0.211166 
0 0 0 1 
View matrix:
0.5 0 0.866025 -0.355071 
0 -1 0 0 
-0.866025 0 0.5 -0.205 
0 0 0 1 
View matrix:
0.48481 0 0.87462 -0.358594 
0 -1 0 0 
-0.87462 0 0.48481 -0.198772 
0 0 0 1 
View matrix:
0.469472 0 0.882948 -0.362009 
0 -1 0 0 
-0.882948 0 0.469472 -0.192483 
0 0 0 1 
View matrix:
0.453991 0 0.891007 -0.365313 
0 -1 0 0 
-0.891007 0 0.453991 -0.186136 
0 0 0 1 
View matrix:
0.438371 0 0.898794 -0.368506 
0 -1 0 0 
-0.898794 0 0.438371 -0.179732 
0 0 0 1 
View matrix:
0.422618 0 0.906308 -0.371586 
0 -1 0 0 
-0.906308 0 0.422618 -0.173274 
0 0 0 1 
View matrix:
0.406737 0 0.913545 -0.374554 
0 -1 0 0 
-0.913545 0 0.406737 -0.166762 
0 0 0 1 
View matrix:
0.390731 0 0.920505 -0.377407 
0 -1 0 0 
-0.920505 0 0.390731 -0.1602 
0 0 0 1 
View matrix:
0.374607 0 0.927184 -0.380146 
0 -1 0 0 
-0.927184 0 0.374607 -0.153589 
